706	false	1.267418113E9	37.7748	-122.42444	1.26741826E9	37.78287	-122.42249
706	false	1.267422027E9	37.79296	-122.4167	1.267422252E9	37.79459	-122.39961
706	false	1.267422519E9	37.79806	-122.40384	1.267422678E9	37.79513	-122.40502
706	true	1.267425587E9	37.79188	-122.41065	1.267426772E9	37.61797	-122.386
706	false	1.267429809E9	37.77909	-122.43512	1.267430641E9	37.79404	-122.39871
706	false	1.26743125E9	37.80256	-122.41301	1.267431714E9	37.79496	-122.4028
706	false	1.267432583E9	37.7898	-122.41115	1.267432986E9	37.77662	-122.39551
706	false	1.267433746E9	37.78295	-122.41282	1.26743391E9	37.78237	-122.41907
706	false	1.267434005E9	37.78296	-122.42057	1.267434481E9	37.77317	-122.44443
706	false	1.267435888E9	37.77581	-122.48331	1.267436008E9	37.77997	-122.48256
706	false	1.267440472E9	37.79236	-122.41774	1.267440874E9	37.79101	-122.39757
706	false	1.26744222E9	37.78023	-122.43214	1.267442903E9	37.77678	-122.3953
706	false	1.267443957E9	37.76591	-122.40948	1.267444319E9	37.75774	-122.41237
706	false	1.267444661E9	37.7523	-122.41798	1.267444893E9	37.75973	-122.42133
706	false	1.267445489E9	37.77129	-122.40856	1.267446216E9	37.78797	-122.4041
706	false	1.267451568E9	37.76808	-122.41591	1.267452241E9	37.78055	-122.43566
706	false	1.267452636E9	37.77872	-122.4384	1.267453291E9	37.78975	-122.40236
706	false	1.267454758E9	37.76553	-122.41257	1.267455257E9	37.78983	-122.41198
706	false	1.267461412E9	37.61546	-122.39075	1.267462637E9	37.79313	-122.40121
706	false	1.267464234E9	37.79157	-122.40387	1.267465484E9	37.78527	-122.47538
706	false	1.267466045E9	37.78623	-122.47468	1.267466688E9	37.76437	-122.45865
706	false	1.267467553E9	37.7727	-122.42568	1.267467717E9	37.76983	-122.42271
706	false	1.267468426E9	37.76292	-122.42855	1.267468701E9	37.75576	-122.41776
706	false	1.267469781E9	37.78531	-122.40932	1.267470413E9	37.76171	-122.42239
706	false	1.267471055E9	37.77773	-122.43829	1.267471937E9	37.79599	-122.4067
706	false	1.267472138E9	37.79377	-122.4041	1.267472383E9	37.80159	-122.41792
706	false	1.267472603E9	37.80649	-122.41393	1.267472957E9	37.79782	-122.40588
706	false	1.267473218E9	37.79728	-122.40087	1.267473948E9	37.76139	-122.42378
706	false	1.267474153E9	37.76169	-122.42154	1.267474813E9	37.791	-122.4011
706	false	1.267476394E9	37.79322	-122.40111	1.267476519E9	37.7868	-122.3941
706	false	1.267478042E9	37.79396	-122.405	1.267478217E9	37.80373	-122.41362
706	false	1.267479285E9	37.79235	-122.40244	1.267479683E9	37.77597	-122.39386
706	false	1.267481314E9	37.79216	-122.40584	1.267481424E9	37.79163	-122.41063
706	false	1.267483005E9	37.79329	-122.40467	1.267483567E9	37.79767	-122.4456
706	false	1.267484303E9	37.79175	-122.41749	1.26748443E9	37.78547	-122.41448
706	false	1.267484769E9	37.79154	-122.4058	1.267485197E9	37.78231	-122.4417
706	false	1.267487736E9	37.79183	-122.41018	1.267487821E9	37.79136	-122.41469
706	false	1.267490498E9	37.79039	-122.40258	1.267491184E9	37.72259	-122.4412
706	false	1.267506754E9	37.74112	-122.4228	1.26750704E9	37.74453	-122.39961
706	false	1.267507536E9	37.7526	-122.42068	1.267508166E9	37.7902	-122.40909
706	false	1.26750931E9	37.78882	-122.44401	1.267509792E9	37.79082	-122.40051
706	false	1.267511693E9	37.79063	-122.41385	1.267512799E9	37.74937	-122.46283
706	false	1.267514679E9	37.79143	-122.40908	1.267515468E9	37.77026	-122.40678
706	false	1.267516049E9	37.78031	-122.39901	1.267516281E9	37.77663	-122.39458
706	false	1.267517523E9	37.78841	-122.4069	1.267517789E9	37.79383	-122.39747
706	false	1.267517928E9	37.79347	-122.4009	1.267518146E9	37.80217	-122.4029
706	false	1.267518527E9	37.80516	-122.41722	1.267519402E9	37.79056	-122.39965
706	false	1.267519551E9	37.79195	-122.39791	1.26751966E9	37.79243	-122.40298
706	false	1.267519815E9	37.79418	-122.40493	1.267520553E9	37.78206	-122.40433
706	false	1.267521054E9	37.78547	-122.41463	1.267521767E9	37.8084	-122.41
706	false	1.267522427E9	37.79944	-122.42442	1.267522932E9	37.78043	-122.41872
706	false	1.267523026E9	37.77931	-122.41846	1.267523252E9	37.78249	-122.40673
706	false	1.267523638E9	37.78731	-122.41493	1.26752393E9	37.79417	-122.423
706	false	1.267524261E9	37.78598	-122.4164	1.267524817E9	37.78164	-122.39228
706	false	1.26752584E9	37.77283	-122.4185	1.267526445E9	37.79458	-122.39935
706	false	1.267527102E9	37.77065	-122.40942	1.26752744E9	37.78272	-122.41498
706	false	1.267527514E9	37.78187	-122.41554	1.267527975E9	37.77856	-122.39284
706	false	1.2675286E9	37.78247	-122.39725	1.267528752E9	37.78822	-122.39963
706	false	1.267529986E9	37.79092	-122.42571	1.267530714E9	37.78032	-122.391
706	false	1.267533806E9	37.76688	-122.41984	1.26753421E9	37.78158	-122.41687
706	false	1.267534894E9	37.76748	-122.40279	1.267535181E9	37.78016	-122.41675
706	false	1.267536695E9	37.78902	-122.42557	1.267537312E9	37.78065	-122.47495
706	false	1.267537958E9	37.78448	-122.47111	1.267538571E9	37.79104	-122.43095
706	true	1.26753962E9	37.7912	-122.42447	1.267540871E9	37.6179	-122.38535
706	false	1.267541041E9	37.61532	-122.39756	1.267541115E9	37.63429	-122.40292
706	true	1.267545811E9	37.61674	-122.38797	1.267546877E9	37.7838	-122.40173
706	false	1.267547221E9	37.78464	-122.40423	1.267547778E9	37.7748	-122.40555
706	false	1.267548496E9	37.78641	-122.40175	1.26754896E9	37.7846	-122.43293
706	false	1.267550099E9	37.79398	-122.40275	1.267550508E9	37.78743	-122.42302
706	false	1.267550757E9	37.78843	-122.42282	1.267551762E9	37.78771	-122.46042
706	false	1.267552359E9	37.78591	-122.45338	1.267553373E9	37.7595	-122.46607
706	false	1.267553746E9	37.76422	-122.45498	1.267554643E9	37.78187	-122.41488
706	false	1.267555255E9	37.79229	-122.40426	1.267555509E9	37.80016	-122.41237
706	false	1.267556046E9	37.79296	-122.39741	1.267556382E9	37.79146	-122.41422
706	false	1.267557302E9	37.79184	-122.40288	1.267557701E9	37.77859	-122.3933
706	false	1.267557853E9	37.77835	-122.39332	1.267558247E9	37.79487	-122.39697
706	false	1.267558573E9	37.78937	-122.3919	1.267559181E9	37.79041	-122.42366
706	false	1.267559737E9	37.7932	-122.40379	1.267559982E9	37.79975	-122.41541
706	false	1.267560383E9	37.79096	-122.41758	1.267560609E9	37.78926	-122.43185
706	false	1.267560842E9	37.79061	-122.43247	1.267562086E9	37.61522	-122.38976
706	false	1.267566059E9	37.61598	-122.38862	1.267567143E9	37.79677	-122.39824
706	false	1.26756737E9	37.7935	-122.40011	1.267567497E9	37.79176	-122.40724
706	false	1.267568378E9	37.79256	-122.40288	1.267568656E9	37.78777	-122.38983
706	false	1.267569216E9	37.78949	-122.40688	1.267569919E9	37.77233	-122.43731
706	false	1.26757647E9	37.7903	-122.40211	1.267576722E9	37.78382	-122.38994
706	false	1.267600387E9	37.74481	-122.46233	1.2676013E9	37.76529	-122.39779
706	false	1.267603037E9	37.78294	-122.42034	1.267603664E9	37.78694	-122.44996
706	true	1.267603974E9	37.78933	-122.44073	1.267606601E9	37.61787	-122.38557
706	false	1.267607999E9	37.71969	-122.46548	1.267609372E9	37.78436	-122.43903
706	false	1.267609488E9	37.78466	-122.4381	1.267610305E9	37.79198	-122.39347
706	false	1.267611958E9	37.80092	-122.43125	1.267612942E9	37.78219	-122.40091
706	false	1.267614062E9	37.78834	-122.41012	1.267614446E9	37.78419	-122.40106
706	false	1.267616068E9	37.79463	-122.43175	1.267616366E9	37.7907	-122.41928
706	false	1.267617265E9	37.79212	-122.40271	1.267617553E9	37.78619	-122.40937
706	false	1.267617637E9	37.7866	-122.40665	1.267617939E9	37.78069	-122.39037
706	false	1.267618158E9	37.78803	-122.39962	1.26761857E9	37.78987	-122.41715
706	false	1.267620337E9	37.79138	-122.4027	1.267620575E9	37.7872	-122.40957
706	false	1.267621055E9	37.79313	-122.40211	1.267621279E9	37.78815	-122.40994
706	false	1.26762174E9	37.78898	-122.39609	1.267622328E9	37.74075	-122.41041
706	false	1.267623081E9	37.74772	-122.42238	1.267624056E9	37.79239	-122.40393
706	false	1.267624179E9	37.79173	-122.40232	1.267624316E9	37.79635	-122.40345
706	true	1.267624601E9	37.78972	-122.39525	1.267625754E9	37.61525	-122.38468
706	false	1.267628288E9	37.61594	-122.38878	1.267629719E9	37.79162	-122.41219
706	false	1.267630035E9	37.79676	-122.40202	1.267630224E9	37.79763	-122.42039
706	false	1.267630477E9	37.79982	-122.40938	1.267630872E9	37.79405	-122.39642
706	false	1.267630964E9	37.793	-122.39756	1.26763126E9	37.78942	-122.4171
706	false	1.267631495E9	37.78757	-122.41668	1.267632855E9	37.72208	-122.39972
706	false	1.267634727E9	37.77413	-122.39883	1.267635351E9	37.77253	-122.43399
706	false	1.267636126E9	37.77491	-122.45296	1.267636761E9	37.78448	-122.41725
706	false	1.267636937E9	37.78395	-122.42123	1.26763714E9	37.78637	-122.42433
706	false	1.267637551E9	37.78236	-122.40547	1.267637841E9	37.77658	-122.39561
706	false	1.267638059E9	37.77593	-122.39658	1.267638554E9	37.78341	-122.41776
706	false	1.26763876E9	37.78627	-122.41131	1.267639139E9	37.80026	-122.41062
706	false	1.267639224E9	37.79961	-122.40928	1.267639577E9	37.78984	-122.42711
706	false	1.267639657E9	37.79115	-122.43089	1.267639772E9	37.79742	-122.43217
706	false	1.267640969E9	37.79152	-122.39956	1.267641107E9	37.79011	-122.40313
706	false	1.26764123E9	37.79167	-122.4041	1.267642707E9	37.80095	-122.40479
706	false	1.267643178E9	37.79787	-122.40211	1.267643525E9	37.80081	-122.42105
706	false	1.267643719E9	37.80072	-122.42964	1.267644E9	37.79226	-122.44364
706	false	1.267645014E9	37.79164	-122.43273	1.267645519E9	37.77087	-122.44377
706	false	1.267647035E9	37.78676	-122.4202	1.267647367E9	37.78485	-122.4087
706	false	1.267647661E9	37.78863	-122.40254	1.267647977E9	37.7792	-122.39765
706	false	1.267648269E9	37.78539	-122.39662	1.267648416E9	37.78374	-122.40503
706	false	1.267648683E9	37.78706	-122.40795	1.26764931E9	37.79856	-122.43573
706	false	1.267649478E9	37.79996	-122.4347	1.267650123E9	37.78614	-122.41089
706	false	1.26765051E9	37.78601	-122.40175	1.267650744E9	37.78782	-122.40991
706	false	1.267650911E9	37.78721	-122.41489	1.267651269E9	37.80569	-122.42074
706	false	1.267651416E9	37.80467	-122.42083	1.267651799E9	37.79218	-122.4108
706	false	1.26765229E9	37.7906	-122.4003	1.267652867E9	37.76308	-122.4286
706	false	1.267653253E9	37.7682	-122.42794	1.267653754E9	37.78677	-122.41957
706	false	1.267654038E9	37.78859	-122.40529	1.267654458E9	37.80009	-122.41917
706	false	1.267654724E9	37.80491	-122.41694	1.267655167E9	37.7874	-122.40826
706	false	1.267655339E9	37.78645	-122.4156	1.267655804E9	37.78118	-122.46188
706	false	1.267657311E9	37.78582	-122.44647	1.267658039E9	37.7823	-122.4042
706	false	1.2676591E9	37.78814	-122.40403	1.267659254E9	37.78766	-122.41022
706	false	1.267659606E9	37.79307	-122.40924	1.267659937E9	37.79027	-122.43412
706	false	1.267660092E9	37.79459	-122.43231	1.267660413E9	37.80056	-122.40783
706	false	1.267661773E9	37.78224	-122.41037	1.267662194E9	37.77074	-122.43533
706	true	1.267701338E9	37.61763	-122.38651	1.267703468E9	37.85881	-122.24167
706	true	1.267706484E9	37.7922	-122.40266	1.2677078E9	37.61782	-122.38521
706	false	1.267712906E9	37.61605	-122.38832	1.267714161E9	37.80767	-122.41309
706	false	1.26771448E9	37.80677	-122.41386	1.267715018E9	37.78818	-122.40828
706	false	1.267715224E9	37.78754	-122.40754	1.26771578E9	37.78719	-122.40068
706	false	1.2677162E9	37.7843	-122.40145	1.267716649E9	37.79129	-122.4137
706	false	1.267717043E9	37.79248	-122.40218	1.267718136E9	37.79175	-122.4795
706	false	1.26771865E9	37.78498	-122.48512	1.267719332E9	37.76441	-122.45778
706	false	1.267720007E9	37.77374	-122.43289	1.267720358E9	37.77819	-122.4202
706	false	1.267720516E9	37.78062	-122.41585	1.267720963E9	37.78338	-122.40319
706	false	1.267721809E9	37.78345	-122.40254	1.267722157E9	37.78885	-122.40858
706	false	1.267722368E9	37.79181	-122.41077	1.267722566E9	37.78996	-122.41716
706	false	1.267722652E9	37.78818	-122.41709	1.267723883E9	37.76394	-122.47616
706	false	1.2677243E9	37.76577	-122.46955	1.267724837E9	37.78729	-122.44723
706	false	1.267725002E9	37.78791	-122.44694	1.267725687E9	37.77404	-122.42751
706	false	1.26772635E9	37.78416	-122.43286	1.267727175E9	37.76684	-122.41069
706	false	1.267727959E9	37.77123	-122.40557	1.267728707E9	37.78713	-122.43242
706	false	1.267729216E9	37.78844	-122.40663	1.267730992E9	37.71192	-122.21219
706	false	1.267732468E9	37.79221	-122.3994	1.26773327E9	37.80112	-122.44127
706	false	1.267733754E9	37.80011	-122.43267	1.267734056E9	37.80405	-122.4485
706	false	1.267734152E9	37.80518	-122.44678	1.267734993E9	37.7746	-122.42497
706	false	1.267735213E9	37.78023	-122.41838	1.267735675E9	37.77602	-122.39394
706	false	1.26773832E9	37.78376	-122.40347	1.267738462E9	37.77693	-122.39526
706	false	1.267739199E9	37.79048	-122.39316	1.267739596E9	37.79909	-122.41057
706	false	1.267739757E9	37.79806	-122.40699	1.267739985E9	37.7951	-122.40059
706	false	1.267740297E9	37.79144	-122.40319	1.267740593E9	37.80333	-122.40817
706	false	1.267740861E9	37.79718	-122.41185	1.267741361E9	37.77985	-122.42335
706	false	1.267741553E9	37.78174	-122.42236	1.267741721E9	37.78997	-122.42399
706	false	1.267742376E9	37.79651	-122.40351	1.267743011E9	37.76843	-122.42802
706	false	1.267743408E9	37.76986	-122.43509	1.267743769E9	37.75162	-122.42774
706	false	1.267744341E9	37.77412	-122.41681	1.267744446E9	37.77312	-122.41239
706	false	1.267748152E9	37.79237	-122.40005	1.267749337E9	37.84182	-122.21541
706	false	1.267777554E9	37.74844	-122.48131	1.267778231E9	37.71313	-122.48183
706	false	1.267779437E9	37.75537	-122.47551	1.267779812E9	37.74105	-122.4662
706	false	1.267780938E9	37.76389	-122.45036	1.267781387E9	37.74571	-122.4522
706	false	1.267781805E9	37.76224	-122.46415	1.267782654E9	37.78098	-122.39616
706	false	1.267783868E9	37.79086	-122.40281	1.267784021E9	37.79447	-122.39931
706	false	1.267784286E9	37.79139	-122.39445	1.267784774E9	37.76728	-122.39084
706	false	1.267787729E9	37.78681	-122.4126	1.267788529E9	37.80769	-122.4748
706	true	1.267790175E9	37.80206	-122.44329	1.267791809E9	37.61503	-122.38496
706	false	1.267793109E9	37.7647	-122.40402	1.267793679E9	37.7566	-122.42799
706	false	1.267795482E9	37.79224	-122.39145	1.267795712E9	37.80629	-122.40472
706	false	1.267796833E9	37.80438	-122.42261	1.267797401E9	37.79386	-122.39616
706	false	1.267797477E9	37.79301	-122.39649	1.267797852E9	37.78567	-122.42256
706	false	1.267798357E9	37.78917	-122.40286	1.267798719E9	37.79038	-122.3906
706	true	1.267799021E9	37.78576	-122.39341	1.267800091E9	37.61489	-122.38679
706	false	1.267804282E9	37.61559	-122.3904	1.267805795E9	37.48122	-122.27777
706	false	1.267809823E9	37.80044	-122.40909	1.267810517E9	37.78786	-122.40797
706	false	1.267810645E9	37.78705	-122.4112	1.267810767E9	37.78792	-122.4166
706	false	1.26781093E9	37.78772	-122.41006	1.267811129E9	37.78447	-122.40866
706	false	1.267811388E9	37.78677	-122.40474	1.267812088E9	37.77151	-122.44316
706	false	1.267813219E9	37.77214	-122.44395	1.267814039E9	37.7901	-122.40847
706	false	1.267814299E9	37.79318	-122.40347	1.267815007E9	37.80384	-122.43544
706	false	1.267815793E9	37.79327	-122.42141	1.267816412E9	37.78193	-122.40572
706	false	1.267816998E9	37.77355	-122.39964	1.267817588E9	37.76185	-122.41949
706	false	1.26781771E9	37.76469	-122.42185	1.267818405E9	37.79309	-122.39237
706	false	1.267818617E9	37.78982	-122.39743	1.267818664E9	37.78894	-122.3991
706	false	1.267818842E9	37.78739	-122.4035	1.267819051E9	37.7872	-122.41029
706	false	1.267819168E9	37.78777	-122.41165	1.267819342E9	37.79036	-122.40342
706	false	1.2678195E9	37.79175	-122.40549	1.267819602E9	37.79042	-122.41461
706	false	1.26781996E9	37.79124	-122.40431	1.267820282E9	37.79748	-122.41819
706	false	1.267820418E9	37.79963	-122.41537	1.267820648E9	37.79805	-122.40451
706	false	1.26782095E9	37.79406	-122.40256	1.267821991E9	37.77906	-122.46594
706	false	1.267822217E9	37.7813	-122.4566	1.267822879E9	37.80138	-122.41268
706	false	1.267822975E9	37.80115	-122.41152	1.267823412E9	37.79368	-122.41625
706	false	1.267823606E9	37.79027	-122.42335	1.267824035E9	37.76631	-122.43103
706	false	1.267824201E9	37.76424	-122.43305	1.267824314E9	37.7599	-122.43268
706	false	1.267824487E9	37.76201	-122.43505	1.267825325E9	37.7877	-122.40973
706	false	1.267825437E9	37.78701	-122.40813	1.267825728E9	37.79166	-122.41055
706	false	1.267826092E9	37.79401	-122.40479	1.267826647E9	37.80465	-122.44155
706	false	1.267826892E9	37.80276	-122.43965	1.26782815E9	37.80664	-122.41935
706	false	1.267828501E9	37.79769	-122.41034	1.267828863E9	37.78816	-122.41234
706	false	1.267829237E9	37.78917	-122.41537	1.267829502E9	37.79627	-122.40364
706	false	1.267829597E9	37.79325	-122.40306	1.267829739E9	37.79025	-122.40406
706	false	1.267829949E9	37.79228	-122.39962	1.267830327E9	37.78093	-122.41378
706	false	1.267832108E9	37.79984	-122.414	1.267832364E9	37.80322	-122.40685
706	false	1.267832733E9	37.80611	-122.41209	1.267833002E9	37.79123	-122.40912
706	false	1.267834306E9	37.78661	-122.43851	1.267834987E9	37.77886	-122.39404
706	false	1.267835388E9	37.78359	-122.40251	1.267836369E9	37.78308	-122.47533
706	false	1.267837573E9	37.77953	-122.42352	1.267837967E9	37.75716	-122.40775
706	false	1.267883518E9	37.61604	-122.39094	1.267884406E9	37.78831	-122.41581
706	false	1.267885073E9	37.80558	-122.42132	1.267885192E9	37.80738	-122.41388
706	false	1.267886382E9	37.79392	-122.40281	1.267886599E9	37.79053	-122.41061
706	true	1.267895137E9	37.61634	-122.38817	1.26789659E9	37.78541	-122.40538
706	false	1.267897024E9	37.79042	-122.39691	1.267897966E9	37.76265	-122.43252
706	false	1.267898276E9	37.76157	-122.42403	1.267899069E9	37.7892	-122.41697
706	false	1.267899502E9	37.787	-122.42	1.267900025E9	37.75977	-122.40996
706	false	1.267900202E9	37.7574	-122.41364	1.267901349E9	37.78515	-122.43279
706	false	1.267901659E9	37.78603	-122.44132	1.267902298E9	37.79233	-122.41077
706	false	1.267902913E9	37.78766	-122.40813	1.267903253E9	37.79145	-122.40056
706	false	1.267903737E9	37.80192	-122.41248	1.267903772E9	37.80277	-122.41393
706	false	1.267903855E9	37.79974	-122.41492	1.267904423E9	37.78821	-122.44039
706	false	1.267904625E9	37.7925	-122.44105	1.267905152E9	37.80168	-122.41282
706	false	1.267905232E9	37.80034	-122.4109	1.267905761E9	37.77663	-122.42297
706	false	1.267905947E9	37.77774	-122.42396	1.267906332E9	37.7972	-122.41959
706	false	1.267907122E9	37.79611	-122.41974	1.267907311E9	37.80005	-122.40494
706	false	1.267907589E9	37.79776	-122.41032	1.267907895E9	37.78946	-122.41035
706	false	1.267908367E9	37.78525	-122.43273	1.267908986E9	37.75899	-122.41257
706	false	1.267909671E9	37.76316	-122.42164	1.267910044E9	37.76066	-122.39924
706	false	1.267910974E9	37.7849	-122.40042	1.267911206E9	37.77534	-122.41268
706	false	1.267911463E9	37.77646	-122.41134	1.267911765E9	37.77065	-122.42515
706	false	1.267911916E9	37.76696	-122.42977	1.267911975E9	37.76546	-122.4317
706	false	1.267912517E9	37.76455	-122.42864	1.267913109E9	37.72932	-122.42714
706	false	1.267963524E9	37.61648	-122.3978	1.267964021E9	37.71117	-122.38975
706	false	1.267965578E9	37.61593	-122.38897	1.267966439E9	37.78106	-122.40222
706	true	1.267968075E9	37.61634	-122.38812	1.267969432E9	37.80538	-122.42023
706	false	1.267970359E9	37.79977	-122.4148	1.267970621E9	37.797	-122.42149
706	false	1.267971523E9	37.78638	-122.42339	1.26797204E9	37.78559	-122.39225
706	false	1.267987705E9	37.61593	-122.38906	1.267988999E9	37.78769	-122.45182
706	false	1.267990112E9	37.79588	-122.40377	1.267990367E9	37.79302	-122.39234
706	false	1.267991361E9	37.79603	-122.42027	1.267991728E9	37.77861	-122.41499
706	false	1.267991947E9	37.77509	-122.42096	1.267992207E9	37.78144	-122.43273
706	false	1.267993904E9	37.78761	-122.40343	1.267994185E9	37.78494	-122.4194
706	false	1.267995352E9	37.78967	-122.40503	1.267995511E9	37.78812	-122.41693
706	true	1.268000992E9	37.61656	-122.38781	1.26800195E9	37.78637	-122.40215
706	false	1.268002088E9	37.79046	-122.40385	1.26800224E9	37.79799	-122.40681
706	false	1.268002978E9	37.77679	-122.41732	1.268003102E9	37.77313	-122.43012
706	true	1.268049082E9	37.6168	-122.38787	1.26805024E9	37.78733	-122.40925
706	false	1.268051992E9	37.79234	-122.40255	1.268052727E9	37.77682	-122.39447
706	false	1.268055151E9	37.75333	-122.42297	1.268055427E9	37.77208	-122.42703
706	false	1.26805732E9	37.79085	-122.44103	1.268058894E9	37.61526	-122.3903
706	true	1.268060576E9	37.61715	-122.3877	1.268062122E9	37.44743	-122.14643
706	true	1.268066246E9	37.6164	-122.38821	1.268067341E9	37.79055	-122.41565
706	false	1.268067471E9	37.79159	-122.41756	1.268069748E9	37.79202	-122.41593
706	false	1.26807035E9	37.79298	-122.40262	1.268070906E9	37.78987	-122.42697
706	false	1.268071853E9	37.79357	-122.40418	1.268072232E9	37.79957	-122.42079
706	false	1.268072603E9	37.8059	-122.41885	1.268073043E9	37.79228	-122.4109
706	false	1.268073126E9	37.79371	-122.4109	1.268073299E9	37.79611	-122.40582
706	false	1.268073508E9	37.79292	-122.40285	1.268074025E9	37.77775	-122.42406
706	false	1.268074315E9	37.77577	-122.43125	1.26807521E9	37.73688	-122.39103
706	false	1.268076178E9	37.76455	-122.40697	1.26807666E9	37.75535	-122.42066
706	false	1.26807771E9	37.78685	-122.40512	1.26807782E9	37.78738	-122.40747
706	false	1.268078118E9	37.78928	-122.41557	1.268078529E9	37.79694	-122.3982
706	false	1.268078665E9	37.79669	-122.40072	1.26807891E9	37.78802	-122.40158
706	false	1.268080187E9	37.79231	-122.4028	1.268080617E9	37.77832	-122.39328
706	false	1.26808144E9	37.79214	-122.40564	1.268081773E9	37.79432	-122.42699
706	false	1.268082509E9	37.79154	-122.41401	1.26808292E9	37.80012	-122.44208
706	false	1.268083577E9	37.79524	-122.42161	1.268083943E9	37.79182	-122.40745
706	false	1.268084115E9	37.79113	-122.40087	1.268084421E9	37.78708	-122.38862
706	false	1.268084754E9	37.77873	-122.39286	1.268084943E9	37.78859	-122.40266
706	false	1.26808557E9	37.79628	-122.40511	1.268085717E9	37.79881	-122.4072
706	false	1.268086097E9	37.79353	-122.40284	1.268086214E9	37.78863	-122.4019
706	false	1.268087313E9	37.79634	-122.4006	1.268088434E9	37.85284	-122.26154
706	false	1.268091529E9	37.78576	-122.41075	1.268091637E9	37.78964	-122.41213
706	false	1.268091843E9	37.79195	-122.41071	1.268092267E9	37.79095	-122.44285
706	false	1.268094792E9	37.79298	-122.40169	1.268095052E9	37.78534	-122.38979
706	false	1.268096495E9	37.79568	-122.40495	1.26809679E9	37.80043	-122.42479
706	false	1.268124244E9	37.77348	-122.43496	1.268125194E9	37.77649	-122.39241
706	true	1.268132756E9	37.61774	-122.38707	1.268133966E9	37.7867	-122.40669
706	true	1.268135018E9	37.79269	-122.39422	1.268136377E9	37.61762	-122.3874
706	false	1.268142634E9	37.61555	-122.39728	1.268143835E9	37.78928	-122.4089
706	false	1.268144115E9	37.78531	-122.41273	1.26814488E9	37.77056	-122.44543
706	false	1.268145277E9	37.77115	-122.44537	1.268145556E9	37.77012	-122.43071
706	false	1.268146188E9	37.78278	-122.43696	1.268146337E9	37.78433	-122.43898
706	false	1.268146508E9	37.78528	-122.43474	1.268146683E9	37.79205	-122.43612
706	false	1.268146821E9	37.79208	-122.43019	1.268147264E9	37.78843	-122.40484
706	true	1.268155234E9	37.61743	-122.38734	1.268156519E9	37.77795	-122.41386
706	false	1.268157084E9	37.78717	-122.41488	1.268157324E9	37.79431	-122.42049
706	false	1.268157919E9	37.79592	-122.40173	1.268158678E9	37.80095	-122.44133
706	false	1.26815939E9	37.797	-122.43622	1.268159887E9	37.80126	-122.41139
706	false	1.268160563E9	37.79053	-122.40067	1.268160928E9	37.78428	-122.41764
706	false	1.26816116E9	37.78621	-122.41645	1.268161451E9	37.77328	-122.42207
706	false	1.268161525E9	37.77304	-122.42351	1.268162187E9	37.79221	-122.4097
706	false	1.268162374E9	37.79172	-122.40546	1.2681626E9	37.78956	-122.41361
706	false	1.26816313E9	37.79234	-122.40287	1.268163782E9	37.79994	-122.44107
706	false	1.268165079E9	37.79311	-122.40287	1.268166325E9	37.64349	-122.40421
706	false	1.26817069E9	37.61557	-122.39019	1.268171165E9	37.57359	-122.31018
706	false	1.268173993E9	37.61602	-122.38843	1.268175032E9	37.79171	-122.40751
706	false	1.268177281E9	37.78606	-122.41853	1.268177602E9	37.77721	-122.44173
706	false	1.268177952E9	37.77263	-122.42555	1.268178154E9	37.76829	-122.42077
706	false	1.268178246E9	37.76638	-122.41991	1.268178952E9	37.72508	-122.43248
706	false	1.268183546E9	37.78928	-122.40205	1.268184679E9	37.74743	-122.48894
706	false	1.268185264E9	37.74313	-122.47328	1.268185423E9	37.74311	-122.46383
706	false	1.268208407E9	37.73903	-122.48149	1.268209651E9	37.80338	-122.45115
706	false	1.268210312E9	37.80316	-122.43338	1.26821114E9	37.79385	-122.39652
706	false	1.268211735E9	37.78813	-122.41717	1.268212264E9	37.80038	-122.43274
706	true	1.268212941E9	37.79438	-122.43363	1.268214438E9	37.6177	-122.38695
706	false	1.268216926E9	37.61524	-122.39304	1.268218019E9	37.74714	-122.50768
706	false	1.268219061E9	37.7598	-122.47779	1.268219542E9	37.77539	-122.44124
706	false	1.268219715E9	37.77333	-122.43751	1.268220115E9	37.76666	-122.39971
706	false	1.268221329E9	37.77992	-122.39452	1.268221927E9	37.80753	-122.41235
706	false	1.26822224E9	37.80591	-122.41035	1.268223574E9	37.61496	-122.38976
706	false	1.268225319E9	37.77443	-122.39843	1.268225947E9	37.75951	-122.43492
706	false	1.268226564E9	37.76846	-122.45344	1.268226739E9	37.76548	-122.4643
706	true	1.268228175E9	37.76422	-122.45429	1.268229574E9	37.61755	-122.38749
706	false	1.268233071E9	37.61509	-122.39688	1.268234331E9	37.78557	-122.40001
706	false	1.268234825E9	37.79173	-122.39542	1.268235148E9	37.78062	-122.39062
706	false	1.26823586E9	37.78689	-122.40265	1.268236501E9	37.79703	-122.43631
706	false	1.268237393E9	37.79509	-122.4368	1.268238018E9	37.79809	-122.39688
706	false	1.268238193E9	37.79412	-122.4027	1.268238427E9	37.79164	-122.4207
706	false	1.268238602E9	37.78763	-122.41673	1.268238724E9	37.78828	-122.409
706	false	1.268240289E9	37.7819	-122.40456	1.268240726E9	37.7539	-122.38603
706	false	1.268241238E9	37.76855	-122.4039	1.26824174E9	37.77333	-122.42151
706	false	1.268242302E9	37.78989	-122.39771	1.268243134E9	37.79648	-122.42862
706	false	1.268243458E9	37.79891	-122.42134	1.268243654E9	37.79353	-122.41457
706	false	1.268243968E9	37.7915	-122.40548	1.268244238E9	37.79131	-122.42304
706	false	1.268244534E9	37.79391	-122.42354	1.268244907E9	37.79938	-122.44098
706	false	1.268245855E9	37.80014	-122.44292	1.268246904E9	37.7783	-122.39669
706	false	1.268247149E9	37.77546	-122.39715	1.268247454E9	37.76327	-122.40713
706	false	1.268247773E9	37.75905	-122.41398	1.268248474E9	37.77475	-122.41275
706	false	1.268248621E9	37.77758	-122.41326	1.268249088E9	37.79345	-122.39222
706	false	1.268249439E9	37.78992	-122.39769	1.268250475E9	37.61466	-122.38968
706	true	1.268252293E9	37.61658	-122.38458	1.268253776E9	37.80272	-122.43791
706	false	1.268255075E9	37.79403	-122.40286	1.268255391E9	37.78474	-122.40857
706	false	1.268255759E9	37.79508	-122.40308	1.268256437E9	37.77274	-122.43228
706	false	1.26825655E9	37.77269	-122.43561	1.268256975E9	37.76261	-122.47387
706	false	1.268258347E9	37.7444	-122.48683	1.26825865E9	37.75366	-122.47632
706	false	1.268260374E9	37.77436	-122.42769	1.268260691E9	37.79574	-122.42376
706	false	1.268261131E9	37.79454	-122.42633	1.268261799E9	37.7516	-122.42159
706	false	1.268262816E9	37.76311	-122.4345	1.268263266E9	37.78287	-122.42056
706	false	1.26826446E9	37.78736	-122.40349	1.268264589E9	37.78705	-122.4111
706	false	1.26826629E9	37.74618	-122.41958	1.268266871E9	37.71169	-122.43804
706	false	1.268295555E9	37.75473	-122.4277	1.268296701E9	37.78872	-122.40531
706	false	1.268297362E9	37.7928	-122.4262	1.268297955E9	37.79353	-122.39763
706	false	1.268298357E9	37.786	-122.4164	1.268298818E9	37.76493	-122.40271
706	false	1.268299045E9	37.76367	-122.39855	1.268299913E9	37.76379	-122.45701
706	false	1.268300601E9	37.77459	-122.45841	1.268302042E9	37.84114	-122.29105
706	false	1.268303731E9	37.79052	-122.39743	1.268304121E9	37.80218	-122.40185
706	false	1.268305189E9	37.7867	-122.43505	1.268305667E9	37.78274	-122.47072
706	false	1.268313198E9	37.77606	-122.40872	1.268313972E9	37.80358	-122.40202
706	false	1.268314057E9	37.80122	-122.40155	1.268314466E9	37.79754	-122.43046
706	false	1.26831538E9	37.80126	-122.40157	1.268316218E9	37.78364	-122.40801
706	false	1.268316279E9	37.78642	-122.40807	1.268316803E9	37.79654	-122.40058
706	false	1.268317502E9	37.79163	-122.39689	1.268317644E9	37.78839	-122.39964
706	false	1.268318981E9	37.79187	-122.40379	1.268319128E9	37.78964	-122.40231
706	false	1.268319391E9	37.78758	-122.40178	1.268319866E9	37.78979	-122.41719
706	false	1.26831998E9	37.78585	-122.41633	1.268320925E9	37.77817	-122.39625
706	false	1.268321717E9	37.78766	-122.40626	1.268322373E9	37.76503	-122.40172
706	false	1.268322775E9	37.77311	-122.40329	1.268323326E9	37.79502	-122.40101
706	false	1.268323554E9	37.79418	-122.40017	1.268323633E9	37.79401	-122.39982
706	false	1.268323869E9	37.79173	-122.40248	1.268324212E9	37.80412	-122.42624
706	false	1.268324694E9	37.79629	-122.43199	1.268325192E9	37.78797	-122.41907
706	false	1.268325538E9	37.79063	-122.40741	1.268325595E9	37.79184	-122.40956
706	false	1.268325707E9	37.79505	-122.41316	1.268325991E9	37.80347	-122.40785
706	false	1.268326271E9	37.80315	-122.41429	1.268326688E9	37.79009	-122.40881
706	false	1.268327303E9	37.79408	-122.40422	1.268328007E9	37.79923	-122.43254
706	false	1.268328413E9	37.79538	-122.44023	1.268329092E9	37.7884	-122.40685
706	false	1.268329278E9	37.78966	-122.40507	1.268329767E9	37.77904	-122.43597
706	false	1.268329974E9	37.78202	-122.43412	1.268330485E9	37.79079	-122.40461
706	false	1.26833059E9	37.79423	-122.40453	1.268331036E9	37.80068	-122.42249
706	false	1.268331479E9	37.80535	-122.41693	1.268332166E9	37.77916	-122.41496
706	false	1.268332294E9	37.77692	-122.41387	1.268333304E9	37.80838	-122.40988
706	false	1.268333511E9	37.8085	-122.41233	1.268334169E9	37.79311	-122.40315
706	false	1.268334246E9	37.79157	-122.40541	1.268334886E9	37.77813	-122.42084
706	false	1.268335643E9	37.78707	-122.41673	1.268335843E9	37.78237	-122.41055
706	false	1.268336011E9	37.78183	-122.41084	1.268336449E9	37.762	-122.43525
706	false	1.268336709E9	37.76393	-122.43528	1.268337108E9	37.77256	-122.45083
706	false	1.268337636E9	37.78885	-122.43396	1.268337938E9	37.79319	-122.42144
706	false	1.268338595E9	37.79181	-122.41067	1.268338873E9	37.79622	-122.42175
706	false	1.26833904E9	37.79864	-122.42379	1.268339428E9	37.80014	-122.44208
706	false	1.268339643E9	37.79944	-122.43856	1.268339794E9	37.79755	-122.43127
706	false	1.268340383E9	37.79228	-122.41034	1.268341174E9	37.76234	-122.43523
706	false	1.268341283E9	37.75803	-122.43695	1.268341332E9	37.75487	-122.43671
706	false	1.268341733E9	37.75115	-122.43636	1.268342644E9	37.79311	-122.42919
706	false	1.268342919E9	37.78975	-122.43239	1.268343637E9	37.7868	-122.40269
706	false	1.268343845E9	37.78921	-122.40889	1.268344244E9	37.79914	-122.41907
706	false	1.268344329E9	37.79525	-122.41829	1.268344577E9	37.79501	-122.40482
706	false	1.268344779E9	37.79281	-122.40428	1.268344973E9	37.78758	-122.41007
706	false	1.268345043E9	37.78689	-122.41123	1.268345266E9	37.7901	-122.42535
706	false	1.26834553E9	37.7893	-122.4302	1.268345708E9	37.79134	-122.42081
706	false	1.268346107E9	37.80427	-122.42343	1.268346238E9	37.80501	-122.41183
706	false	1.26834659E9	37.79857	-122.40112	1.268347472E9	37.78882	-122.44055
706	false	1.268347561E9	37.78866	-122.43565	1.268347748E9	37.79132	-122.42074
706	false	1.268348025E9	37.79754	-122.42044	1.268348527E9	37.78643	-122.40861
706	false	1.268348665E9	37.78708	-122.40824	1.268349007E9	37.79881	-122.40745
706	false	1.268349287E9	37.80119	-122.41162	1.268350311E9	37.7219	-122.43703
706	false	1.268353026E9	37.79215	-122.40923	1.268353169E9	37.79912	-122.40889
706	false	1.268355807E9	37.79043	-122.40203	1.268356172E9	37.78679	-122.42736
706	false	1.268356291E9	37.78848	-122.4286	1.268356493E9	37.79377	-122.43478
706	false	1.2683813E9	37.73245	-122.48366	1.268381498E9	37.72644	-122.47614
706	false	1.268382355E9	37.74473	-122.47974	1.268383572E9	37.7858	-122.45352
706	false	1.268383723E9	37.78591	-122.44951	1.268384627E9	37.78902	-122.40227
706	false	1.268384738E9	37.78759	-122.39989	1.268384792E9	37.78564	-122.39665
706	false	1.268385998E9	37.78553	-122.40785	1.268387188E9	37.61544	-122.38986
706	false	1.26838919E9	37.78614	-122.38985	1.268389518E9	37.788	-122.40081
706	false	1.26839034E9	37.79403	-122.40463	1.268390922E9	37.80002	-122.44111
706	false	1.268391495E9	37.80014	-122.44175	1.268393283E9	37.61473	-122.38984
706	false	1.268397094E9	37.7733	-122.40299	1.268397522E9	37.7889	-122.41192
706	false	1.268397959E9	37.79459	-122.40262	1.268398851E9	37.79107	-122.40898
706	false	1.268399033E9	37.78982	-122.40855	1.268399257E9	37.79124	-122.40537
706	false	1.268399444E9	37.79271	-122.40427	1.268399951E9	37.78444	-122.43363
706	false	1.268400108E9	37.78562	-122.4295	1.268400268E9	37.78759	-122.41826
706	false	1.26840082E9	37.79739	-122.40568	1.268400954E9	37.80141	-122.40945
706	true	1.268401398E9	37.79581	-122.3985	1.268402965E9	37.6175	-122.38743
706	false	1.268406115E9	37.6155	-122.39046	1.268407678E9	37.7546	-122.43363
706	false	1.26841244E9	37.61594	-122.38894	1.268414396E9	37.42134	-122.21424
706	false	1.268418766E9	37.61553	-122.39025	1.268419297E9	37.61177	-122.40265
706	false	1.268420412E9	37.61502	-122.39676	1.26842171E9	37.78587	-122.41073
706	false	1.268421884E9	37.78526	-122.40931	1.268422536E9	37.75664	-122.41896
706	false	1.26842262E9	37.7555	-122.4174	1.268423487E9	37.78795	-122.40179
706	false	1.268423571E9	37.78698	-122.40035	1.26842407E9	37.76866	-122.41574
706	false	1.268424266E9	37.76708	-122.4199	1.268424806E9	37.78548	-122.40875
706	false	1.268425013E9	37.78532	-122.40922	1.268425241E9	37.77867	-122.41741
706	false	1.268425328E9	37.77956	-122.42005	1.268425904E9	37.80082	-122.43651
706	false	1.268426329E9	37.79553	-122.42175	1.268427561E9	37.7126	-122.43069
706	true	1.268430361E9	37.61748	-122.38717	1.268432461E9	37.4224	-121.91981
706	false	1.268434876E9	37.61601	-122.38859	1.268436263E9	37.80301	-122.43468
706	false	1.268438306E9	37.78547	-122.41466	1.268439052E9	37.7488	-122.41823
706	false	1.268439452E9	37.76429	-122.42183	1.26843984E9	37.79278	-122.42462
706	false	1.26844022E9	37.78737	-122.4233	1.26844056E9	37.80481	-122.43259
706	false	1.2684408E9	37.8004	-122.43127	1.268441058E9	37.80473	-122.41256
706	false	1.268441355E9	37.80423	-122.4201	1.268443034E9	37.80415	-122.26225
706	true	1.268632788E9	37.63816	-122.40511	1.268633055E9	37.618	-122.38624
706	false	1.268635641E9	37.77929	-122.46204	1.268636042E9	37.76347	-122.45753
706	false	1.268636475E9	37.77312	-122.43758	1.268636986E9	37.77664	-122.39229
706	false	1.268637386E9	37.79351	-122.40461	1.268638527E9	37.78679	-122.41183
706	false	1.268638948E9	37.7924	-122.42086	1.268639817E9	37.76944	-122.38649
706	false	1.268640606E9	37.78958	-122.41391	1.268640779E9	37.79251	-122.4043
706	false	1.268641538E9	37.79502	-122.41821	1.268642233E9	37.77502	-122.41955
706	false	1.268642366E9	37.77211	-122.42318	1.268642635E9	37.76091	-122.43591
706	false	1.268642955E9	37.76043	-122.43493	1.268643493E9	37.77724	-122.42141
706	false	1.268644323E9	37.78769	-122.43367	1.268644554E9	37.79684	-122.43545
706	false	1.268644698E9	37.79707	-122.43046	1.268645598E9	37.77485	-122.40417
706	false	1.268646015E9	37.7827	-122.41535	1.268646442E9	37.77486	-122.45299
706	false	1.268647007E9	37.77523	-122.45852	1.268648057E9	37.72095	-122.47922
706	false	1.268648854E9	37.73834	-122.49764	1.26864986E9	37.61556	-122.38949
706	false	1.268652382E9	37.61606	-122.38844	1.268653269E9	37.5382	-122.25702
706	false	1.268654562E9	37.61525	-122.39151	1.268655641E9	37.79022	-122.40049
706	false	1.268656199E9	37.78641	-122.41589	1.268656601E9	37.77496	-122.40392
706	false	1.268659987E9	37.79411	-122.41615	1.268660487E9	37.78894	-122.41071
706	false	1.268661569E9	37.78218	-122.41879	1.268661876E9	37.78602	-122.41052
706	false	1.268662824E9	37.76716	-122.41767	1.268663379E9	37.75547	-122.40503
706	false	1.268663657E9	37.75312	-122.40639	1.268663935E9	37.74812	-122.41991
706	false	1.268664085E9	37.74815	-122.41868	1.268664384E9	37.75593	-122.41164
706	false	1.268672929E9	37.61675	-122.39796	1.268673712E9	37.76394	-122.39681
706	false	1.268674372E9	37.76982	-122.40459	1.268674822E9	37.77417	-122.42211
706	false	1.268675219E9	37.78194	-122.41909	1.26867564E9	37.78897	-122.43039
706	false	1.268677477E9	37.79268	-122.40342	1.268678267E9	37.80091	-122.42723
706	false	1.268678712E9	37.80533	-122.42034	1.268679195E9	37.78985	-122.42211
706	false	1.268679552E9	37.79573	-122.40514	1.268679741E9	37.79692	-122.39976
706	false	1.26868172E9	37.79218	-122.40494	1.268682407E9	37.78782	-122.44988
706	false	1.268682979E9	37.79109	-122.4224	1.268683266E9	37.80107	-122.41874
706	false	1.268683544E9	37.80435	-122.41843	1.268684075E9	37.78449	-122.40847
706	false	1.26868575E9	37.79233	-122.40254	1.268686604E9	37.76407	-122.46595
706	false	1.268687571E9	37.78743	-122.43044	1.268687723E9	37.7922	-122.43111
706	false	1.268689697E9	37.78965	-122.39751	1.268689833E9	37.78773	-122.39072
706	false	1.268689984E9	37.78952	-122.38857	1.268690247E9	37.79284	-122.40319
706	false	1.268690487E9	37.79364	-122.40374	1.268690645E9	37.79291	-122.41327
706	false	1.268691881E9	37.79282	-122.40289	1.268692198E9	37.78834	-122.42528
706	false	1.268695393E9	37.78658	-122.41405	1.268696039E9	37.77366	-122.46917
706	false	1.268696824E9	37.78307	-122.4545	1.268697539E9	37.80099	-122.42038
706	false	1.268699708E9	37.7914	-122.40259	1.268700099E9	37.77772	-122.39354
706	false	1.268700303E9	37.77499	-122.40091	1.268700827E9	37.7536	-122.42655
706	false	1.268726787E9	37.73509	-122.41682	1.268727821E9	37.77926	-122.39175
706	false	1.268728666E9	37.79813	-122.40523	1.268729089E9	37.78651	-122.41313
706	false	1.268729277E9	37.7868	-122.41305	1.268730066E9	37.76008	-122.42141
706	false	1.268730312E9	37.7666	-122.42153	1.268730974E9	37.77734	-122.44992
706	false	1.268731568E9	37.77968	-122.45881	1.268732078E9	37.76594	-122.43568
706	false	1.268732304E9	37.76795	-122.42515	1.268733207E9	37.61466	-122.38972
706	true	1.268736202E9	37.61655	-122.38799	1.268737253E9	37.78821	-122.4037
706	false	1.268737776E9	37.79218	-122.4177	1.268738929E9	37.77224	-122.42932
706	false	1.268739432E9	37.7751	-122.43789	1.268739992E9	37.76512	-122.41812
706	false	1.268740661E9	37.76553	-122.41296	1.268741779E9	37.79425	-122.40014
706	false	1.268742152E9	37.79715	-122.40512	1.268742379E9	37.80646	-122.41374
706	false	1.268742478E9	37.80472	-122.41176	1.268743104E9	37.78728	-122.40474
706	false	1.268743359E9	37.78725	-122.40973	1.268743766E9	37.79236	-122.4228
706	false	1.268745331E9	37.78021	-122.40659	1.268747957E9	37.40545	-122.14609
706	false	1.268866636E9	37.77363	-122.44598	1.268867046E9	37.79202	-122.42502
706	false	1.268867276E9	37.79015	-122.42234	1.268867817E9	37.74862	-122.40407
706	true	1.26890835E9	37.76795	-122.42469	1.268909411E9	37.61475	-122.38658
706	false	1.268917705E9	37.77836	-122.40579	1.268918112E9	37.78795	-122.39985
706	false	1.268935291E9	37.78885	-122.40378	1.268935905E9	37.79543	-122.42617
706	false	1.268936595E9	37.79151	-122.40029	1.268937212E9	37.78686	-122.43344
706	false	1.268953028E9	37.61757	-122.39861	1.268953986E9	37.77435	-122.44438
706	false	1.269021452E9	37.77164	-122.40188	1.269021812E9	37.78599	-122.41201
706	false	1.269023683E9	37.7773	-122.39468	1.269023743E9	37.78054	-122.39067
706	false	1.269035946E9	37.7672	-122.42915	1.269036492E9	37.79756	-122.4249
706	false	1.269036639E9	37.79629	-122.42017	1.269037977E9	37.78707	-122.41326
706	false	1.269100663E9	37.78628	-122.45464	1.269100932E9	37.7835	-122.47639
706	false	1.269101638E9	37.77355	-122.46423	1.269103139E9	37.7523	-122.40298
706	true	1.269106536E9	37.61687	-122.38772	1.26912662E9	37.78598	-122.4188
706	false	1.269126734E9	37.78532	-122.42621	1.26912699E9	37.78113	-122.44771
706	false	1.2691276E9	37.78803	-122.44019	1.269127981E9	37.77544	-122.42952
706	false	1.269128347E9	37.77817	-122.4384	1.269128782E9	37.78768	-122.41014
706	false	1.269128907E9	37.78717	-122.4099	1.269129476E9	37.80065	-122.43617
706	false	1.2691765E9	37.75247	-122.41628	1.269176702E9	37.74678	-122.41343
706	false	1.269177024E9	37.75236	-122.41808	1.269177382E9	37.75191	-122.40634
706	false	1.269203976E9	37.61523	-122.39128	1.269205048E9	37.51845	-122.24904
706	false	1.269234243E9	37.7756	-122.42643	1.269234495E9	37.78808	-122.43345
706	false	1.269256948E9	37.79722	-122.42709	1.269258321E9	37.79693	-122.39966
706	false	1.269258579E9	37.80006	-122.40976	1.269258998E9	37.80657	-122.44242
706	false	1.269292441E9	37.79234	-122.40565	1.269292671E9	37.79376	-122.41705
706	false	1.269294015E9	37.79228	-122.40273	1.269294316E9	37.78025	-122.39978
706	false	1.269335025E9	37.78914	-122.43165	1.269335664E9	37.77353	-122.40373
706	false	1.26937087E9	37.78503	-122.42294	1.26937099E9	37.79625	-122.42524
706	false	1.269445369E9	37.6152	-122.39696	1.269446599E9	37.78968	-122.40798
706	false	1.269446984E9	37.7927	-122.40536	1.269447368E9	37.79467	-122.42464
706	true	1.269448066E9	37.79143	-122.39742	1.269449523E9	37.61797	-122.38686
706	true	1.269452595E9	37.6167	-122.38784	1.269454278E9	37.78509	-122.40908
706	false	1.269455211E9	37.7928	-122.40331	1.269455669E9	37.78541	-122.42886
706	false	1.269455756E9	37.78606	-122.42614	1.26945613E9	37.79045	-122.40592
706	false	1.269457116E9	37.79151	-122.40279	1.26945776E9	37.79152	-122.43543
706	false	1.269458144E9	37.79035	-122.42219	1.269458334E9	37.79254	-122.41091
706	false	1.269458654E9	37.79659	-122.40525	1.269459114E9	37.8084	-122.40986
706	false	1.269459222E9	37.80819	-122.40983	1.269459774E9	37.787	-122.39098
706	false	1.269460079E9	37.79046	-122.39728	1.269460815E9	37.75824	-122.41799
706	false	1.269460963E9	37.75874	-122.41905	1.269461706E9	37.78987	-122.39686
706	false	1.269461879E9	37.79344	-122.3971	1.269462524E9	37.78712	-122.44005
706	false	1.269462757E9	37.78694	-122.43406	1.269463224E9	37.79674	-122.4029
706	false	1.269463483E9	37.79502	-122.40039	1.269463846E9	37.777	-122.39518
706	false	1.269464742E9	37.78886	-122.38953	1.269464903E9	37.78164	-122.39004
706	false	1.269465104E9	37.78108	-122.38996	1.269465994E9	37.79805	-122.42828
706	false	1.269466131E9	37.79798	-122.42856	1.269466246E9	37.79873	-122.42248
706	false	1.269466361E9	37.7968	-122.42317	1.269466683E9	37.80233	-122.43766
706	false	1.269467403E9	37.79709	-122.42875	1.269467811E9	37.79506	-122.40434
706	false	1.269467931E9	37.79396	-122.40368	1.269468005E9	37.79152	-122.40057
706	false	1.269468083E9	37.79014	-122.40195	1.269468303E9	37.78997	-122.40964
706	false	1.269468588E9	37.79213	-122.4028	1.269469061E9	37.77693	-122.39528
706	false	1.269469287E9	37.78071	-122.3951	1.269469512E9	37.78908	-122.40723
706	false	1.269469634E9	37.78722	-122.4095	1.269471958E9	37.78777	-122.41177
706	false	1.269500231E9	37.75394	-122.41855	1.269500686E9	37.77075	-122.44188
706	true	1.269501189E9	37.77045	-122.45374	1.269502865E9	37.61786	-122.38535
706	false	1.269504236E9	37.73639	-122.41791	1.269506031E9	37.80621	-122.41619
706	false	1.269506303E9	37.80114	-122.4246	1.269507186E9	37.79621	-122.39687
706	false	1.269507429E9	37.79827	-122.40384	1.269507641E9	37.7947	-122.39795
706	false	1.269508163E9	37.79825	-122.40728	1.269508615E9	37.79515	-122.39453
706	false	1.269509363E9	37.79984	-122.40586	1.269510243E9	37.78327	-122.44062
706	false	1.269510931E9	37.78868	-122.43566	1.269511512E9	37.79265	-122.40489
706	false	1.269512182E9	37.79278	-122.40162	1.26951238E9	37.80115	-122.40274
706	false	1.26951262E9	37.8063	-122.40809	1.269512822E9	37.79663	-122.39614
706	false	1.269513863E9	37.77838	-122.40897	1.269514532E9	37.74952	-122.43752
706	false	1.269515621E9	37.76093	-122.43483	1.269516419E9	37.79323	-122.42141
706	false	1.269516829E9	37.79957	-122.41607	1.269517104E9	37.7952	-122.40331
706	false	1.269521237E9	37.77917	-122.411	1.269521487E9	37.78379	-122.41761
706	true	1.269522452E9	37.78701	-122.39813	1.269523353E9	37.61532	-122.38456
706	true	1.269525358E9	37.76485	-122.38899	1.269526221E9	37.61792	-122.38612
706	true	1.269528105E9	37.79017	-122.39784	1.269529093E9	37.61494	-122.38489
706	false	1.269533995E9	37.61611	-122.38835	1.269535686E9	37.8055	-122.41691
706	false	1.269536288E9	37.79439	-122.4	1.269537908E9	37.7464	-122.42336
706	false	1.269539287E9	37.76692	-122.43557	1.269540016E9	37.77057	-122.46634
706	false	1.269540382E9	37.77766	-122.45868	1.269541713E9	37.72786	-122.4271
706	true	1.269542462E9	37.74775	-122.43372	1.269543582E9	37.61793	-122.38684
706	true	1.269545985E9	37.61617	-122.38813	1.269547279E9	37.75787	-122.43126
706	false	1.269547524E9	37.7615	-122.43504	1.269547881E9	37.77002	-122.43129
706	false	1.269549075E9	37.79085	-122.40282	1.26954991E9	37.75401	-122.41869
706	false	1.269550383E9	37.77345	-122.42142	1.269550713E9	37.78572	-122.43648
706	false	1.269553422E9	37.78526	-122.40992	1.269554186E9	37.78134	-122.47827
706	false	1.269554595E9	37.78474	-122.46513	1.269555123E9	37.76984	-122.44839
706	false	1.269555213E9	37.77028	-122.4453	1.269556401E9	37.76938	-122.45217
706	false	1.269557425E9	37.78914	-122.43198	1.269557955E9	37.7951	-122.4011
706	false	1.269558894E9	37.79384	-122.4049	1.269559187E9	37.79701	-122.4254
706	false	1.269560188E9	37.7919	-122.41069	1.269560306E9	37.79196	-122.41599
706	false	1.269560927E9	37.79346	-122.40484	1.269561123E9	37.79663	-122.41649
706	false	1.269562243E9	37.74274	-122.38818	1.269562313E9	37.74173	-122.38842
706	false	1.269589323E9	37.76479	-122.4526	1.269590038E9	37.77671	-122.39542
706	false	1.269590629E9	37.79037	-122.39302	1.269590707E9	37.79408	-122.39537
706	false	1.269592527E9	37.79302	-122.41622	1.269592775E9	37.78867	-122.40549
706	false	1.269592865E9	37.78971	-122.40366	1.269593651E9	37.79501	-122.44485
706	false	1.269593902E9	37.79955	-122.44106	1.269594702E9	37.79248	-122.40677
706	false	1.26959603E9	37.78792	-122.41142	1.269596267E9	37.7911	-122.40378
706	false	1.269596736E9	37.79242	-122.39566	1.269596897E9	37.79202	-122.40249
706	false	1.269597544E9	37.79594	-122.3968	1.269597965E9	37.79818	-122.42222
706	false	1.269598329E9	37.80054	-122.43617	1.269598572E9	37.80471	-122.42039
706	false	1.269599767E9	37.80343	-122.43063	1.269600243E9	37.79427	-122.40302
706	false	1.269601197E9	37.793	-122.39987	1.269601459E9	37.79023	-122.42058
706	false	1.269602881E9	37.78824	-122.4082	1.269603018E9	37.79389	-122.40457
706	false	1.269603727E9	37.78679	-122.39982	1.2696041E9	37.7772	-122.39517
706	false	1.269604231E9	37.77861	-122.39286	1.269604503E9	37.78754	-122.39913
706	false	1.269605319E9	37.78913	-122.39148	1.26960579E9	37.79198	-122.40437
706	false	1.269606146E9	37.79336	-122.3963	1.269606591E9	37.80824	-122.40916
706	false	1.26960688E9	37.80843	-122.41003	1.269608176E9	37.79645	-122.40274
706	false	1.269608807E9	37.79471	-122.39974	1.269610261E9	37.74175	-122.49498
706	false	1.26961114E9	37.72989	-122.47592	1.269611414E9	37.74209	-122.4734
706	false	1.269613164E9	37.77566	-122.44707	1.269614084E9	37.73163	-122.4513
706	false	1.269614433E9	37.73584	-122.44954	1.269614902E9	37.72293	-122.43571
706	false	1.269615152E9	37.73407	-122.42588	1.269615545E9	37.75278	-122.41736
706	false	1.269615731E9	37.7507	-122.41635	1.269615918E9	37.7527	-122.40949
706	false	1.269619678E9	37.63402	-122.40295	1.269621557E9	37.76127	-122.44647
706	false	1.26962212E9	37.77144	-122.43568	1.269622846E9	37.77679	-122.39535
706	false	1.269623351E9	37.78829	-122.39968	1.269623541E9	37.78719	-122.40209
706	false	1.269623558E9	37.7868	-122.40269	1.269624048E9	37.7994	-122.41036
706	false	1.269624974E9	37.79719	-122.39721	1.269625752E9	37.80128	-122.43314
706	false	1.269626346E9	37.79139	-122.42934	1.269626792E9	37.77951	-122.41853
706	false	1.269627495E9	37.78714	-122.40981	1.26962789E9	37.7967	-122.41601
706	false	1.269628369E9	37.79127	-122.40889	1.2696286E9	37.79372	-122.41713
706	false	1.269629486E9	37.79184	-122.40263	1.269630324E9	37.77187	-122.43243
706	false	1.269630411E9	37.77087	-122.43226	1.269630854E9	37.76004	-122.42179
706	false	1.269631528E9	37.78279	-122.42071	1.26963185E9	37.79834	-122.41823
706	false	1.269632066E9	37.79775	-122.42273	1.269632378E9	37.80345	-122.43696
706	false	1.269632604E9	37.79719	-122.43465	1.269633105E9	37.8039	-122.41519
706	false	1.269633189E9	37.80294	-122.41645	1.269634041E9	37.77028	-122.44556
706	false	1.269634217E9	37.77207	-122.44597	1.269634883E9	37.78633	-122.41479
706	false	1.269635155E9	37.7903	-122.40886	1.269635433E9	37.79827	-122.4074
706	false	1.269635855E9	37.79398	-122.40263	1.269636713E9	37.72834	-122.43908
706	false	1.269637014E9	37.73482	-122.43965	1.269637917E9	37.7813	-122.46088
706	false	1.269638239E9	37.78117	-122.45922	1.26963981E9	37.61507	-122.39399
706	true	1.269642091E9	37.61753	-122.38689	1.269643062E9	37.7319	-122.4691
706	false	1.269644107E9	37.75802	-122.42345	1.269644666E9	37.7769	-122.43793
706	false	1.269644768E9	37.77894	-122.43701	1.269645175E9	37.77026	-122.42563
706	false	1.269647748E9	37.78599	-122.4196	1.269647988E9	37.7729	-122.41301
706	false	1.269649279E9	37.78555	-122.39672	1.269649371E9	37.78834	-122.40139
706	false	1.269649663E9	37.7883	-122.40765	1.26964989E9	37.79643	-122.40437
706	false	1.269685834E9	37.77502	-122.43053	1.269686216E9	37.75984	-122.43824
706	false	1.269687171E9	37.77397	-122.42915	1.269688129E9	37.78261	-122.46867
706	false	1.269690673E9	37.76383	-122.41521	1.269690853E9	37.76631	-122.40937
706	false	1.269691523E9	37.7723	-122.4073	1.269692069E9	37.78932	-122.40859
706	false	1.269692473E9	37.78545	-122.40898	1.269693504E9	37.77105	-122.46822
706	false	1.269693849E9	37.76245	-122.4662	1.269694432E9	37.78191	-122.44613
706	false	1.269695289E9	37.7951	-122.42994	1.269696168E9	37.75679	-122.41895
706	false	1.26969744E9	37.75133	-122.40683	1.26969793E9	37.72993	-122.38886
706	false	1.269698961E9	37.75275	-122.41075	1.269700764E9	37.78114	-122.4563
706	false	1.269701891E9	37.77408	-122.44105	1.269703179E9	37.75212	-122.41951
706	false	1.269703672E9	37.76322	-122.41954	1.269703946E9	37.76312	-122.41073
706	false	1.269705073E9	37.77108	-122.41071	1.269705622E9	37.78163	-122.40771
706	false	1.269707845E9	37.77892	-122.39282	1.269708205E9	37.78888	-122.41492
706	false	1.269708355E9	37.78823	-122.42023	1.269708846E9	37.77122	-122.41331
706	false	1.26970926E9	37.76512	-122.42124	1.269709785E9	37.7756	-122.4328
706	false	1.269710436E9	37.77348	-122.43442	1.269710926E9	37.78579	-122.40962
706	false	1.26971194E9	37.76696	-122.42216	1.269712361E9	37.74925	-122.42504
706	false	1.269712776E9	37.75919	-122.43481	1.269713643E9	37.7935	-122.41615
706	false	1.269714235E9	37.7916	-122.40946	1.269714497E9	37.79033	-122.42062
706	false	1.269714792E9	37.79677	-122.4219	1.269714951E9	37.79824	-122.41946
706	false	1.269715844E9	37.78596	-122.44346	1.269716227E9	37.79065	-122.4043
706	false	1.269716427E9	37.7902	-122.40853	1.269716815E9	37.79943	-122.39759
706	false	1.269717269E9	37.80391	-122.41332	1.269717976E9	37.78382	-122.40796
706	false	1.269718051E9	37.7813	-122.40839	1.26971879E9	37.77079	-122.44844
706	false	1.269718925E9	37.76942	-122.45172	1.269719312E9	37.78195	-122.46858
706	false	1.269719674E9	37.78575	-122.48494	1.269720717E9	37.79619	-122.40511
706	false	1.26972146E9	37.79608	-122.42185	1.2697229E9	37.77945	-122.39037
706	false	1.269723572E9	37.7866	-122.41463	1.269723898E9	37.77869	-122.43904
706	false	1.269724801E9	37.781	-122.42068	1.269725283E9	37.78657	-122.40244
706	false	1.269726133E9	37.79917	-122.42405	1.269726574E9	37.79752	-122.4318
706	false	1.269726776E9	37.7952	-122.43347	1.269727745E9	37.7425	-122.43401
706	false	1.269728232E9	37.75667	-122.43237	1.269728596E9	37.77466	-122.42623
706	false	1.269728849E9	37.7804	-122.42022	1.269730066E9	37.76499	-122.4215
706	false	1.269730142E9	37.76484	-122.42392	1.269730555E9	37.77918	-122.43358
706	false	1.269730729E9	37.7809	-122.4306	1.269731212E9	37.76489	-122.4222
706	false	1.269731313E9	37.76559	-122.42097	1.269731898E9	37.79191	-122.40986
706	false	1.269732047E9	37.79151	-122.40739	1.269732264E9	37.7866	-122.41424
706	false	1.269732595E9	37.79425	-122.41975	1.269732787E9	37.79935	-122.41024
706	false	1.269734396E9	37.78147	-122.39586	1.26973537E9	37.79867	-122.4461
706	false	1.269735581E9	37.79972	-122.43611	1.269735584E9	37.79973	-122.43603
706	false	1.269735819E9	37.79813	-122.42704	1.269736094E9	37.80263	-122.40744
706	false	1.269736647E9	37.79317	-122.40002	1.269736957E9	37.78643	-122.41624
706	false	1.269767528E9	37.72582	-122.42643	1.26976847E9	37.78656	-122.45003
706	false	1.26976869E9	37.78398	-122.45474	1.269769472E9	37.75698	-122.42127
706	false	1.269771973E9	37.72523	-122.43138	1.269773369E9	37.64734	-122.49177
706	true	1.269774425E9	37.71955	-122.475	1.269775088E9	37.61492	-122.38693
706	false	1.269776807E9	37.76964	-122.42455	1.269777113E9	37.76433	-122.42646
706	false	1.269778805E9	37.76385	-122.47056	1.269779207E9	37.77653	-122.43803
706	false	1.2697809E9	37.78475	-122.41944	1.269781478E9	37.76413	-122.42868
706	false	1.269782126E9	37.76664	-122.41975	1.269783085E9	37.78293	-122.46118
706	false	1.269783905E9	37.78559	-122.45948	1.269785348E9	37.75218	-122.41901
706	true	1.269786408E9	37.74823	-122.40782	1.269787191E9	37.61787	-122.38615
706	false	1.269796467E9	37.6158	-122.39746	1.269797314E9	37.73898	-122.42572
706	false	1.26979884E9	37.6152	-122.39148	1.269799449E9	37.56243	-122.27719
706	false	1.269801074E9	37.61395	-122.39722	1.269801425E9	37.60107	-122.40183
706	false	1.269803007E9	37.61465	-122.3966	1.269805688E9	37.23391	-121.76305
706	false	1.269812335E9	37.61598	-122.38863	1.269813371E9	37.79122	-122.41649
706	false	1.269813571E9	37.79564	-122.41679	1.269813865E9	37.78777	-122.40822
706	false	1.269815515E9	37.78189	-122.40453	1.269816895E9	37.78015	-122.48571
706	false	1.26984348E9	37.75745	-122.41279	1.269843932E9	37.78431	-122.40486
706	false	1.269844993E9	37.7928	-122.42623	1.269846512E9	37.70853	-122.39531
706	false	1.269877501E9	37.79274	-122.40308	1.269878009E9	37.787	-122.43347
706	false	1.269879134E9	37.79274	-122.40281	1.269879764E9	37.79565	-122.4398
706	false	1.269881393E9	37.79072	-122.4038	1.269881702E9	37.79978	-122.40661
706	false	1.269882149E9	37.79314	-122.40306	1.269882366E9	37.79361	-122.39516
706	false	1.269882759E9	37.7932	-122.39715	1.269883986E9	37.78302	-122.48605
706	false	1.269884967E9	37.77654	-122.48456	1.269885562E9	37.74556	-122.47377
706	false	1.269886546E9	37.76625	-122.4601	1.269887683E9	37.80287	-122.40585
706	false	1.269888397E9	37.78975	-122.40332	1.269888671E9	37.78677	-122.41324
706	false	1.269889024E9	37.79155	-122.4052	1.2698898E9	37.77076	-122.45049
706	false	1.26989034E9	37.7737	-122.4325	1.269890734E9	37.78311	-122.45783
706	false	1.269891463E9	37.79064	-122.41727	1.269891715E9	37.78489	-122.41788
706	false	1.269891786E9	37.78868	-122.41859	1.26989207E9	37.80046	-122.42459
706	false	1.269892489E9	37.8009	-122.4296	1.269892803E9	37.79119	-122.43433
706	false	1.269892909E9	37.79314	-122.43634	1.269893222E9	37.80315	-122.44514
706	false	1.2698943E9	37.79161	-122.4203	1.269894551E9	37.80133	-122.42535
706	true	1.269895024E9	37.79874	-122.42415	1.269896364E9	37.61763	-122.38742
706	false	1.269898429E9	37.79114	-122.40953	1.269898756E9	37.80177	-122.42622
706	false	1.269899034E9	37.79533	-122.42344	1.269899544E9	37.77419	-122.44417
706	false	1.269900218E9	37.78907	-122.40356	1.269900382E9	37.79475	-122.40071
706	false	1.269900625E9	37.79221	-122.40912	1.269900818E9	37.78992	-122.42206
706	false	1.269905603E9	37.78641	-122.40147	1.269905975E9	37.80212	-122.41631
706	false	1.269906865E9	37.79257	-122.39959	1.269907165E9	37.79066	-122.42054
706	false	1.269909966E9	37.79378	-122.40105	1.2699101E9	37.79652	-122.39838
706	false	1.269929075E9	37.80247	-122.44337	1.26993066E9	37.61466	-122.38975
706	true	1.269932963E9	37.7481	-122.42489	1.269934058E9	37.618	-122.38581
706	false	1.269935792E9	37.77136	-122.42878	1.269936237E9	37.79063	-122.43245
706	false	1.269937151E9	37.79872	-122.40889	1.269938154E9	37.75533	-122.40513
706	false	1.269938533E9	37.75107	-122.41189	1.269939164E9	37.74588	-122.45143
706	false	1.269939813E9	37.76576	-122.46902	1.269940299E9	37.77821	-122.41853
706	false	1.269942474E9	37.79289	-122.40624	1.269942709E9	37.79416	-122.39994
706	false	1.269943432E9	37.78812	-122.41699	1.269943771E9	37.78913	-122.43274
706	false	1.269944316E9	37.77934	-122.43373	1.269944887E9	37.77761	-122.39742
706	false	1.269945049E9	37.77777	-122.40014	1.269945392E9	37.79103	-122.40124
706	false	1.269946748E9	37.79201	-122.39807	1.269946953E9	37.78708	-122.41082
706	false	1.26994718E9	37.78015	-122.41521	1.269947696E9	37.79436	-122.39537
706	false	1.269948195E9	37.77063	-122.39787	1.2699483E9	37.75255	-122.3921
706	false	1.271939624E9	37.7998	-122.42163	1.271940032E9	37.78895	-122.39868
706	false	1.271940106E9	37.78695	-122.40139	1.271940367E9	37.79467	-122.40305
706	false	1.271942429E9	37.79907	-122.42072	1.271942937E9	37.78068	-122.41866
706	false	1.271943064E9	37.77975	-122.41847	1.271943397E9	37.7706	-122.41795
811	false	1.298972008E9	37.77997	-122.48256	1.298972153E9	37.78211	-122.48133
811	false	1.298972572E9	37.7816	-122.50395	1.298974102E9	37.7941	-122.40302
811	false	1.298974223E9	37.79281	-122.40346	1.29897445E9	37.78687	-122.40981
